{
 "cells": [
  {
   "cell_type": "code",
   "execution_count": 109,
   "metadata": {},
   "outputs": [],
   "source": [
    "import pandas as pd\n",
    "import numpy as np\n",
    "import seaborn as sns\n",
    "import datetime as dt\n",
    "from collections import Counter\n",
    "import matplotlib\n",
    "import matplotlib.pyplot as plt\n",
    "%matplotlib inline"
   ]
  },
  {
   "cell_type": "code",
   "execution_count": 6,
   "metadata": {},
   "outputs": [
    {
     "data": {
      "text/html": [
       "<div>\n",
       "<style scoped>\n",
       "    .dataframe tbody tr th:only-of-type {\n",
       "        vertical-align: middle;\n",
       "    }\n",
       "\n",
       "    .dataframe tbody tr th {\n",
       "        vertical-align: top;\n",
       "    }\n",
       "\n",
       "    .dataframe thead th {\n",
       "        text-align: right;\n",
       "    }\n",
       "</style>\n",
       "<table border=\"1\" class=\"dataframe\">\n",
       "  <thead>\n",
       "    <tr style=\"text-align: right;\">\n",
       "      <th></th>\n",
       "      <th>ID</th>\n",
       "      <th>name</th>\n",
       "      <th>category</th>\n",
       "      <th>main_category</th>\n",
       "      <th>currency</th>\n",
       "      <th>deadline</th>\n",
       "      <th>goal</th>\n",
       "      <th>launched</th>\n",
       "      <th>pledged</th>\n",
       "      <th>state</th>\n",
       "      <th>backers</th>\n",
       "      <th>country</th>\n",
       "      <th>usd pledged</th>\n",
       "      <th>usd_pledged_real</th>\n",
       "      <th>usd_goal_real</th>\n",
       "    </tr>\n",
       "  </thead>\n",
       "  <tbody>\n",
       "    <tr>\n",
       "      <th>0</th>\n",
       "      <td>1000002330</td>\n",
       "      <td>The Songs of Adelaide &amp; Abullah</td>\n",
       "      <td>Poetry</td>\n",
       "      <td>Publishing</td>\n",
       "      <td>GBP</td>\n",
       "      <td>2015-10-09</td>\n",
       "      <td>1000.0</td>\n",
       "      <td>2015-08-11 12:12:28</td>\n",
       "      <td>0.0</td>\n",
       "      <td>failed</td>\n",
       "      <td>0</td>\n",
       "      <td>GB</td>\n",
       "      <td>0.0</td>\n",
       "      <td>0.0</td>\n",
       "      <td>1533.95</td>\n",
       "    </tr>\n",
       "    <tr>\n",
       "      <th>1</th>\n",
       "      <td>1000003930</td>\n",
       "      <td>Greeting From Earth: ZGAC Arts Capsule For ET</td>\n",
       "      <td>Narrative Film</td>\n",
       "      <td>Film &amp; Video</td>\n",
       "      <td>USD</td>\n",
       "      <td>2017-11-01</td>\n",
       "      <td>30000.0</td>\n",
       "      <td>2017-09-02 04:43:57</td>\n",
       "      <td>2421.0</td>\n",
       "      <td>failed</td>\n",
       "      <td>15</td>\n",
       "      <td>US</td>\n",
       "      <td>100.0</td>\n",
       "      <td>2421.0</td>\n",
       "      <td>30000.00</td>\n",
       "    </tr>\n",
       "    <tr>\n",
       "      <th>2</th>\n",
       "      <td>1000004038</td>\n",
       "      <td>Where is Hank?</td>\n",
       "      <td>Narrative Film</td>\n",
       "      <td>Film &amp; Video</td>\n",
       "      <td>USD</td>\n",
       "      <td>2013-02-26</td>\n",
       "      <td>45000.0</td>\n",
       "      <td>2013-01-12 00:20:50</td>\n",
       "      <td>220.0</td>\n",
       "      <td>failed</td>\n",
       "      <td>3</td>\n",
       "      <td>US</td>\n",
       "      <td>220.0</td>\n",
       "      <td>220.0</td>\n",
       "      <td>45000.00</td>\n",
       "    </tr>\n",
       "    <tr>\n",
       "      <th>3</th>\n",
       "      <td>1000007540</td>\n",
       "      <td>ToshiCapital Rekordz Needs Help to Complete Album</td>\n",
       "      <td>Music</td>\n",
       "      <td>Music</td>\n",
       "      <td>USD</td>\n",
       "      <td>2012-04-16</td>\n",
       "      <td>5000.0</td>\n",
       "      <td>2012-03-17 03:24:11</td>\n",
       "      <td>1.0</td>\n",
       "      <td>failed</td>\n",
       "      <td>1</td>\n",
       "      <td>US</td>\n",
       "      <td>1.0</td>\n",
       "      <td>1.0</td>\n",
       "      <td>5000.00</td>\n",
       "    </tr>\n",
       "    <tr>\n",
       "      <th>4</th>\n",
       "      <td>1000011046</td>\n",
       "      <td>Community Film Project: The Art of Neighborhoo...</td>\n",
       "      <td>Film &amp; Video</td>\n",
       "      <td>Film &amp; Video</td>\n",
       "      <td>USD</td>\n",
       "      <td>2015-08-29</td>\n",
       "      <td>19500.0</td>\n",
       "      <td>2015-07-04 08:35:03</td>\n",
       "      <td>1283.0</td>\n",
       "      <td>canceled</td>\n",
       "      <td>14</td>\n",
       "      <td>US</td>\n",
       "      <td>1283.0</td>\n",
       "      <td>1283.0</td>\n",
       "      <td>19500.00</td>\n",
       "    </tr>\n",
       "  </tbody>\n",
       "</table>\n",
       "</div>"
      ],
      "text/plain": [
       "           ID                                               name  \\\n",
       "0  1000002330                    The Songs of Adelaide & Abullah   \n",
       "1  1000003930      Greeting From Earth: ZGAC Arts Capsule For ET   \n",
       "2  1000004038                                     Where is Hank?   \n",
       "3  1000007540  ToshiCapital Rekordz Needs Help to Complete Album   \n",
       "4  1000011046  Community Film Project: The Art of Neighborhoo...   \n",
       "\n",
       "         category main_category currency    deadline     goal  \\\n",
       "0          Poetry    Publishing      GBP  2015-10-09   1000.0   \n",
       "1  Narrative Film  Film & Video      USD  2017-11-01  30000.0   \n",
       "2  Narrative Film  Film & Video      USD  2013-02-26  45000.0   \n",
       "3           Music         Music      USD  2012-04-16   5000.0   \n",
       "4    Film & Video  Film & Video      USD  2015-08-29  19500.0   \n",
       "\n",
       "              launched  pledged     state  backers country  usd pledged  \\\n",
       "0  2015-08-11 12:12:28      0.0    failed        0      GB          0.0   \n",
       "1  2017-09-02 04:43:57   2421.0    failed       15      US        100.0   \n",
       "2  2013-01-12 00:20:50    220.0    failed        3      US        220.0   \n",
       "3  2012-03-17 03:24:11      1.0    failed        1      US          1.0   \n",
       "4  2015-07-04 08:35:03   1283.0  canceled       14      US       1283.0   \n",
       "\n",
       "   usd_pledged_real  usd_goal_real  \n",
       "0               0.0        1533.95  \n",
       "1            2421.0       30000.00  \n",
       "2             220.0       45000.00  \n",
       "3               1.0        5000.00  \n",
       "4            1283.0       19500.00  "
      ]
     },
     "execution_count": 6,
     "metadata": {},
     "output_type": "execute_result"
    }
   ],
   "source": [
    "ks = pd.read_csv(\"~/Desktop/dataforgood/data/ks-projects-201801.csv\")\n",
    "ks.head()"
   ]
  },
  {
   "cell_type": "code",
   "execution_count": 7,
   "metadata": {},
   "outputs": [
    {
     "data": {
      "text/html": [
       "<div>\n",
       "<style scoped>\n",
       "    .dataframe tbody tr th:only-of-type {\n",
       "        vertical-align: middle;\n",
       "    }\n",
       "\n",
       "    .dataframe tbody tr th {\n",
       "        vertical-align: top;\n",
       "    }\n",
       "\n",
       "    .dataframe thead th {\n",
       "        text-align: right;\n",
       "    }\n",
       "</style>\n",
       "<table border=\"1\" class=\"dataframe\">\n",
       "  <thead>\n",
       "    <tr style=\"text-align: right;\">\n",
       "      <th></th>\n",
       "      <th>ID</th>\n",
       "      <th>goal</th>\n",
       "      <th>pledged</th>\n",
       "      <th>backers</th>\n",
       "      <th>usd pledged</th>\n",
       "      <th>usd_pledged_real</th>\n",
       "      <th>usd_goal_real</th>\n",
       "    </tr>\n",
       "  </thead>\n",
       "  <tbody>\n",
       "    <tr>\n",
       "      <th>count</th>\n",
       "      <td>3.786610e+05</td>\n",
       "      <td>3.786610e+05</td>\n",
       "      <td>3.786610e+05</td>\n",
       "      <td>378661.000000</td>\n",
       "      <td>3.748640e+05</td>\n",
       "      <td>3.786610e+05</td>\n",
       "      <td>3.786610e+05</td>\n",
       "    </tr>\n",
       "    <tr>\n",
       "      <th>mean</th>\n",
       "      <td>1.074731e+09</td>\n",
       "      <td>4.908079e+04</td>\n",
       "      <td>9.682979e+03</td>\n",
       "      <td>105.617476</td>\n",
       "      <td>7.036729e+03</td>\n",
       "      <td>9.058924e+03</td>\n",
       "      <td>4.545440e+04</td>\n",
       "    </tr>\n",
       "    <tr>\n",
       "      <th>std</th>\n",
       "      <td>6.190862e+08</td>\n",
       "      <td>1.183391e+06</td>\n",
       "      <td>9.563601e+04</td>\n",
       "      <td>907.185035</td>\n",
       "      <td>7.863975e+04</td>\n",
       "      <td>9.097334e+04</td>\n",
       "      <td>1.152950e+06</td>\n",
       "    </tr>\n",
       "    <tr>\n",
       "      <th>min</th>\n",
       "      <td>5.971000e+03</td>\n",
       "      <td>1.000000e-02</td>\n",
       "      <td>0.000000e+00</td>\n",
       "      <td>0.000000</td>\n",
       "      <td>0.000000e+00</td>\n",
       "      <td>0.000000e+00</td>\n",
       "      <td>1.000000e-02</td>\n",
       "    </tr>\n",
       "    <tr>\n",
       "      <th>25%</th>\n",
       "      <td>5.382635e+08</td>\n",
       "      <td>2.000000e+03</td>\n",
       "      <td>3.000000e+01</td>\n",
       "      <td>2.000000</td>\n",
       "      <td>1.698000e+01</td>\n",
       "      <td>3.100000e+01</td>\n",
       "      <td>2.000000e+03</td>\n",
       "    </tr>\n",
       "    <tr>\n",
       "      <th>50%</th>\n",
       "      <td>1.075276e+09</td>\n",
       "      <td>5.200000e+03</td>\n",
       "      <td>6.200000e+02</td>\n",
       "      <td>12.000000</td>\n",
       "      <td>3.947200e+02</td>\n",
       "      <td>6.243300e+02</td>\n",
       "      <td>5.500000e+03</td>\n",
       "    </tr>\n",
       "    <tr>\n",
       "      <th>75%</th>\n",
       "      <td>1.610149e+09</td>\n",
       "      <td>1.600000e+04</td>\n",
       "      <td>4.076000e+03</td>\n",
       "      <td>56.000000</td>\n",
       "      <td>3.034090e+03</td>\n",
       "      <td>4.050000e+03</td>\n",
       "      <td>1.550000e+04</td>\n",
       "    </tr>\n",
       "    <tr>\n",
       "      <th>max</th>\n",
       "      <td>2.147476e+09</td>\n",
       "      <td>1.000000e+08</td>\n",
       "      <td>2.033899e+07</td>\n",
       "      <td>219382.000000</td>\n",
       "      <td>2.033899e+07</td>\n",
       "      <td>2.033899e+07</td>\n",
       "      <td>1.663614e+08</td>\n",
       "    </tr>\n",
       "  </tbody>\n",
       "</table>\n",
       "</div>"
      ],
      "text/plain": [
       "                 ID          goal       pledged        backers   usd pledged  \\\n",
       "count  3.786610e+05  3.786610e+05  3.786610e+05  378661.000000  3.748640e+05   \n",
       "mean   1.074731e+09  4.908079e+04  9.682979e+03     105.617476  7.036729e+03   \n",
       "std    6.190862e+08  1.183391e+06  9.563601e+04     907.185035  7.863975e+04   \n",
       "min    5.971000e+03  1.000000e-02  0.000000e+00       0.000000  0.000000e+00   \n",
       "25%    5.382635e+08  2.000000e+03  3.000000e+01       2.000000  1.698000e+01   \n",
       "50%    1.075276e+09  5.200000e+03  6.200000e+02      12.000000  3.947200e+02   \n",
       "75%    1.610149e+09  1.600000e+04  4.076000e+03      56.000000  3.034090e+03   \n",
       "max    2.147476e+09  1.000000e+08  2.033899e+07  219382.000000  2.033899e+07   \n",
       "\n",
       "       usd_pledged_real  usd_goal_real  \n",
       "count      3.786610e+05   3.786610e+05  \n",
       "mean       9.058924e+03   4.545440e+04  \n",
       "std        9.097334e+04   1.152950e+06  \n",
       "min        0.000000e+00   1.000000e-02  \n",
       "25%        3.100000e+01   2.000000e+03  \n",
       "50%        6.243300e+02   5.500000e+03  \n",
       "75%        4.050000e+03   1.550000e+04  \n",
       "max        2.033899e+07   1.663614e+08  "
      ]
     },
     "execution_count": 7,
     "metadata": {},
     "output_type": "execute_result"
    }
   ],
   "source": [
    "ks.describe()"
   ]
  },
  {
   "cell_type": "code",
   "execution_count": 8,
   "metadata": {},
   "outputs": [
    {
     "data": {
      "text/plain": [
       "array(['GB', 'US', 'CA', 'AU', 'NO', 'IT', 'DE', 'IE', 'MX', 'ES', 'N,0\"',\n",
       "       'SE', 'FR', 'NL', 'NZ', 'CH', 'AT', 'DK', 'BE', 'HK', 'LU', 'SG',\n",
       "       'JP'], dtype=object)"
      ]
     },
     "execution_count": 8,
     "metadata": {},
     "output_type": "execute_result"
    }
   ],
   "source": [
    "ks.country.unique()"
   ]
  },
  {
   "cell_type": "code",
   "execution_count": 10,
   "metadata": {},
   "outputs": [
    {
     "data": {
      "text/plain": [
       "US      292627\n",
       "GB       33672\n",
       "CA       14756\n",
       "AU        7839\n",
       "DE        4171\n",
       "N,0\"      3797\n",
       "FR        2939\n",
       "IT        2878\n",
       "NL        2868\n",
       "ES        2276\n",
       "SE        1757\n",
       "MX        1752\n",
       "NZ        1447\n",
       "DK        1113\n",
       "IE         811\n",
       "CH         761\n",
       "NO         708\n",
       "HK         618\n",
       "BE         617\n",
       "AT         597\n",
       "SG         555\n",
       "LU          62\n",
       "JP          40\n",
       "Name: country, dtype: int64"
      ]
     },
     "execution_count": 10,
     "metadata": {},
     "output_type": "execute_result"
    }
   ],
   "source": [
    "ks.country.value_counts()"
   ]
  },
  {
   "cell_type": "code",
   "execution_count": 13,
   "metadata": {},
   "outputs": [
    {
     "ename": "SyntaxError",
     "evalue": "invalid syntax (<ipython-input-13-ad5fbc418d1a>, line 2)",
     "output_type": "error",
     "traceback": [
      "\u001b[0;36m  File \u001b[0;32m\"<ipython-input-13-ad5fbc418d1a>\"\u001b[0;36m, line \u001b[0;32m2\u001b[0m\n\u001b[0;31m    if ks.country[i] == 'N,0\"'\u001b[0m\n\u001b[0m                              ^\u001b[0m\n\u001b[0;31mSyntaxError\u001b[0m\u001b[0;31m:\u001b[0m invalid syntax\n"
     ]
    }
   ],
   "source": [
    "### Fix code to change N,0's to NO\n",
    "\n",
    "#for i in country:\n",
    "#    if ks.country[i] == 'N,0\"'\n",
    "#        ks.country[i] == 'NO'"
   ]
  },
  {
   "cell_type": "markdown",
   "metadata": {},
   "source": [
    "## Which regions have the best success with kickstarters?\n",
    "##### i.e. total number of successes in country / total number of projects in country"
   ]
  },
  {
   "cell_type": "code",
   "execution_count": 34,
   "metadata": {},
   "outputs": [
    {
     "data": {
      "text/html": [
       "<div>\n",
       "<style scoped>\n",
       "    .dataframe tbody tr th:only-of-type {\n",
       "        vertical-align: middle;\n",
       "    }\n",
       "\n",
       "    .dataframe tbody tr th {\n",
       "        vertical-align: top;\n",
       "    }\n",
       "\n",
       "    .dataframe thead tr th {\n",
       "        text-align: left;\n",
       "    }\n",
       "\n",
       "    .dataframe thead tr:last-of-type th {\n",
       "        text-align: right;\n",
       "    }\n",
       "</style>\n",
       "<table border=\"1\" class=\"dataframe\">\n",
       "  <thead>\n",
       "    <tr>\n",
       "      <th></th>\n",
       "      <th colspan=\"6\" halign=\"left\">state</th>\n",
       "    </tr>\n",
       "    <tr>\n",
       "      <th>state</th>\n",
       "      <th>canceled</th>\n",
       "      <th>failed</th>\n",
       "      <th>live</th>\n",
       "      <th>successful</th>\n",
       "      <th>suspended</th>\n",
       "      <th>undefined</th>\n",
       "    </tr>\n",
       "    <tr>\n",
       "      <th>country</th>\n",
       "      <th></th>\n",
       "      <th></th>\n",
       "      <th></th>\n",
       "      <th></th>\n",
       "      <th></th>\n",
       "      <th></th>\n",
       "    </tr>\n",
       "  </thead>\n",
       "  <tbody>\n",
       "    <tr>\n",
       "      <th>AT</th>\n",
       "      <td>91.0</td>\n",
       "      <td>378.0</td>\n",
       "      <td>15.0</td>\n",
       "      <td>107.0</td>\n",
       "      <td>6.0</td>\n",
       "      <td>NaN</td>\n",
       "    </tr>\n",
       "    <tr>\n",
       "      <th>AU</th>\n",
       "      <td>1065.0</td>\n",
       "      <td>4606.0</td>\n",
       "      <td>70.0</td>\n",
       "      <td>2010.0</td>\n",
       "      <td>88.0</td>\n",
       "      <td>NaN</td>\n",
       "    </tr>\n",
       "    <tr>\n",
       "      <th>BE</th>\n",
       "      <td>74.0</td>\n",
       "      <td>371.0</td>\n",
       "      <td>12.0</td>\n",
       "      <td>152.0</td>\n",
       "      <td>8.0</td>\n",
       "      <td>NaN</td>\n",
       "    </tr>\n",
       "    <tr>\n",
       "      <th>CA</th>\n",
       "      <td>2138.0</td>\n",
       "      <td>8236.0</td>\n",
       "      <td>132.0</td>\n",
       "      <td>4134.0</td>\n",
       "      <td>116.0</td>\n",
       "      <td>NaN</td>\n",
       "    </tr>\n",
       "    <tr>\n",
       "      <th>CH</th>\n",
       "      <td>84.0</td>\n",
       "      <td>465.0</td>\n",
       "      <td>14.0</td>\n",
       "      <td>187.0</td>\n",
       "      <td>11.0</td>\n",
       "      <td>NaN</td>\n",
       "    </tr>\n",
       "    <tr>\n",
       "      <th>DE</th>\n",
       "      <td>621.0</td>\n",
       "      <td>2499.0</td>\n",
       "      <td>75.0</td>\n",
       "      <td>937.0</td>\n",
       "      <td>39.0</td>\n",
       "      <td>NaN</td>\n",
       "    </tr>\n",
       "    <tr>\n",
       "      <th>DK</th>\n",
       "      <td>157.0</td>\n",
       "      <td>566.0</td>\n",
       "      <td>16.0</td>\n",
       "      <td>360.0</td>\n",
       "      <td>14.0</td>\n",
       "      <td>NaN</td>\n",
       "    </tr>\n",
       "    <tr>\n",
       "      <th>ES</th>\n",
       "      <td>331.0</td>\n",
       "      <td>1381.0</td>\n",
       "      <td>52.0</td>\n",
       "      <td>492.0</td>\n",
       "      <td>20.0</td>\n",
       "      <td>NaN</td>\n",
       "    </tr>\n",
       "    <tr>\n",
       "      <th>FR</th>\n",
       "      <td>353.0</td>\n",
       "      <td>1612.0</td>\n",
       "      <td>52.0</td>\n",
       "      <td>908.0</td>\n",
       "      <td>14.0</td>\n",
       "      <td>NaN</td>\n",
       "    </tr>\n",
       "    <tr>\n",
       "      <th>GB</th>\n",
       "      <td>3761.0</td>\n",
       "      <td>17387.0</td>\n",
       "      <td>279.0</td>\n",
       "      <td>12067.0</td>\n",
       "      <td>178.0</td>\n",
       "      <td>NaN</td>\n",
       "    </tr>\n",
       "    <tr>\n",
       "      <th>HK</th>\n",
       "      <td>87.0</td>\n",
       "      <td>261.0</td>\n",
       "      <td>35.0</td>\n",
       "      <td>216.0</td>\n",
       "      <td>19.0</td>\n",
       "      <td>NaN</td>\n",
       "    </tr>\n",
       "    <tr>\n",
       "      <th>IE</th>\n",
       "      <td>110.0</td>\n",
       "      <td>476.0</td>\n",
       "      <td>11.0</td>\n",
       "      <td>207.0</td>\n",
       "      <td>7.0</td>\n",
       "      <td>NaN</td>\n",
       "    </tr>\n",
       "    <tr>\n",
       "      <th>IT</th>\n",
       "      <td>406.0</td>\n",
       "      <td>1930.0</td>\n",
       "      <td>76.0</td>\n",
       "      <td>439.0</td>\n",
       "      <td>27.0</td>\n",
       "      <td>NaN</td>\n",
       "    </tr>\n",
       "    <tr>\n",
       "      <th>JP</th>\n",
       "      <td>8.0</td>\n",
       "      <td>16.0</td>\n",
       "      <td>9.0</td>\n",
       "      <td>7.0</td>\n",
       "      <td>NaN</td>\n",
       "      <td>NaN</td>\n",
       "    </tr>\n",
       "    <tr>\n",
       "      <th>LU</th>\n",
       "      <td>4.0</td>\n",
       "      <td>38.0</td>\n",
       "      <td>1.0</td>\n",
       "      <td>19.0</td>\n",
       "      <td>NaN</td>\n",
       "      <td>NaN</td>\n",
       "    </tr>\n",
       "    <tr>\n",
       "      <th>MX</th>\n",
       "      <td>221.0</td>\n",
       "      <td>1015.0</td>\n",
       "      <td>107.0</td>\n",
       "      <td>396.0</td>\n",
       "      <td>13.0</td>\n",
       "      <td>NaN</td>\n",
       "    </tr>\n",
       "    <tr>\n",
       "      <th>N,0\"</th>\n",
       "      <td>22.0</td>\n",
       "      <td>105.0</td>\n",
       "      <td>1.0</td>\n",
       "      <td>105.0</td>\n",
       "      <td>2.0</td>\n",
       "      <td>3562.0</td>\n",
       "    </tr>\n",
       "    <tr>\n",
       "      <th>NL</th>\n",
       "      <td>396.0</td>\n",
       "      <td>1794.0</td>\n",
       "      <td>35.0</td>\n",
       "      <td>617.0</td>\n",
       "      <td>26.0</td>\n",
       "      <td>NaN</td>\n",
       "    </tr>\n",
       "    <tr>\n",
       "      <th>NO</th>\n",
       "      <td>112.0</td>\n",
       "      <td>420.0</td>\n",
       "      <td>8.0</td>\n",
       "      <td>162.0</td>\n",
       "      <td>6.0</td>\n",
       "      <td>NaN</td>\n",
       "    </tr>\n",
       "    <tr>\n",
       "      <th>NZ</th>\n",
       "      <td>151.0</td>\n",
       "      <td>826.0</td>\n",
       "      <td>11.0</td>\n",
       "      <td>448.0</td>\n",
       "      <td>11.0</td>\n",
       "      <td>NaN</td>\n",
       "    </tr>\n",
       "    <tr>\n",
       "      <th>SE</th>\n",
       "      <td>209.0</td>\n",
       "      <td>1000.0</td>\n",
       "      <td>20.0</td>\n",
       "      <td>509.0</td>\n",
       "      <td>19.0</td>\n",
       "      <td>NaN</td>\n",
       "    </tr>\n",
       "    <tr>\n",
       "      <th>SG</th>\n",
       "      <td>67.0</td>\n",
       "      <td>276.0</td>\n",
       "      <td>28.0</td>\n",
       "      <td>178.0</td>\n",
       "      <td>6.0</td>\n",
       "      <td>NaN</td>\n",
       "    </tr>\n",
       "    <tr>\n",
       "      <th>US</th>\n",
       "      <td>28311.0</td>\n",
       "      <td>152061.0</td>\n",
       "      <td>1740.0</td>\n",
       "      <td>109299.0</td>\n",
       "      <td>1216.0</td>\n",
       "      <td>NaN</td>\n",
       "    </tr>\n",
       "  </tbody>\n",
       "</table>\n",
       "</div>"
      ],
      "text/plain": [
       "           state                                                 \n",
       "state   canceled    failed    live successful suspended undefined\n",
       "country                                                          \n",
       "AT          91.0     378.0    15.0      107.0       6.0       NaN\n",
       "AU        1065.0    4606.0    70.0     2010.0      88.0       NaN\n",
       "BE          74.0     371.0    12.0      152.0       8.0       NaN\n",
       "CA        2138.0    8236.0   132.0     4134.0     116.0       NaN\n",
       "CH          84.0     465.0    14.0      187.0      11.0       NaN\n",
       "DE         621.0    2499.0    75.0      937.0      39.0       NaN\n",
       "DK         157.0     566.0    16.0      360.0      14.0       NaN\n",
       "ES         331.0    1381.0    52.0      492.0      20.0       NaN\n",
       "FR         353.0    1612.0    52.0      908.0      14.0       NaN\n",
       "GB        3761.0   17387.0   279.0    12067.0     178.0       NaN\n",
       "HK          87.0     261.0    35.0      216.0      19.0       NaN\n",
       "IE         110.0     476.0    11.0      207.0       7.0       NaN\n",
       "IT         406.0    1930.0    76.0      439.0      27.0       NaN\n",
       "JP           8.0      16.0     9.0        7.0       NaN       NaN\n",
       "LU           4.0      38.0     1.0       19.0       NaN       NaN\n",
       "MX         221.0    1015.0   107.0      396.0      13.0       NaN\n",
       "N,0\"        22.0     105.0     1.0      105.0       2.0    3562.0\n",
       "NL         396.0    1794.0    35.0      617.0      26.0       NaN\n",
       "NO         112.0     420.0     8.0      162.0       6.0       NaN\n",
       "NZ         151.0     826.0    11.0      448.0      11.0       NaN\n",
       "SE         209.0    1000.0    20.0      509.0      19.0       NaN\n",
       "SG          67.0     276.0    28.0      178.0       6.0       NaN\n",
       "US       28311.0  152061.0  1740.0   109299.0    1216.0       NaN"
      ]
     },
     "execution_count": 34,
     "metadata": {},
     "output_type": "execute_result"
    }
   ],
   "source": [
    "states_of_countries = pd.DataFrame(ks.groupby([\"country\",\"state\"]).state.count())\n",
    "states_of_countries = states_of_countries.unstack()\n",
    "states_of_countries"
   ]
  },
  {
   "cell_type": "code",
   "execution_count": 26,
   "metadata": {},
   "outputs": [
    {
     "data": {
      "text/plain": [
       "country\n",
       "AT         597\n",
       "AU        7839\n",
       "BE         617\n",
       "CA       14756\n",
       "CH         761\n",
       "DE        4171\n",
       "DK        1113\n",
       "ES        2276\n",
       "FR        2939\n",
       "GB       33672\n",
       "HK         618\n",
       "IE         811\n",
       "IT        2878\n",
       "JP          40\n",
       "LU          62\n",
       "MX        1752\n",
       "N,0\"      3797\n",
       "NL        2868\n",
       "NO         708\n",
       "NZ        1447\n",
       "SE        1757\n",
       "SG         555\n",
       "US      292627\n",
       "Name: state, dtype: int64"
      ]
     },
     "execution_count": 26,
     "metadata": {},
     "output_type": "execute_result"
    }
   ],
   "source": [
    "total_states_per_country = states_of_countries.groupby(['country']).state.sum()\n",
    "total_states_per_country"
   ]
  },
  {
   "cell_type": "code",
   "execution_count": 33,
   "metadata": {},
   "outputs": [
    {
     "data": {
      "text/html": [
       "<div>\n",
       "<style scoped>\n",
       "    .dataframe tbody tr th:only-of-type {\n",
       "        vertical-align: middle;\n",
       "    }\n",
       "\n",
       "    .dataframe tbody tr th {\n",
       "        vertical-align: top;\n",
       "    }\n",
       "\n",
       "    .dataframe thead tr th {\n",
       "        text-align: left;\n",
       "    }\n",
       "\n",
       "    .dataframe thead tr:last-of-type th {\n",
       "        text-align: right;\n",
       "    }\n",
       "</style>\n",
       "<table border=\"1\" class=\"dataframe\">\n",
       "  <thead>\n",
       "    <tr>\n",
       "      <th></th>\n",
       "      <th colspan=\"6\" halign=\"left\">state</th>\n",
       "    </tr>\n",
       "    <tr>\n",
       "      <th>state</th>\n",
       "      <th>canceled</th>\n",
       "      <th>failed</th>\n",
       "      <th>live</th>\n",
       "      <th>successful</th>\n",
       "      <th>suspended</th>\n",
       "      <th>undefined</th>\n",
       "    </tr>\n",
       "    <tr>\n",
       "      <th>country</th>\n",
       "      <th></th>\n",
       "      <th></th>\n",
       "      <th></th>\n",
       "      <th></th>\n",
       "      <th></th>\n",
       "      <th></th>\n",
       "    </tr>\n",
       "  </thead>\n",
       "  <tbody>\n",
       "    <tr>\n",
       "      <th>AT</th>\n",
       "      <td>0.152429</td>\n",
       "      <td>0.633166</td>\n",
       "      <td>0.025126</td>\n",
       "      <td>0.179229</td>\n",
       "      <td>0.010050</td>\n",
       "      <td>NaN</td>\n",
       "    </tr>\n",
       "    <tr>\n",
       "      <th>AU</th>\n",
       "      <td>0.135859</td>\n",
       "      <td>0.587575</td>\n",
       "      <td>0.008930</td>\n",
       "      <td>0.256410</td>\n",
       "      <td>0.011226</td>\n",
       "      <td>NaN</td>\n",
       "    </tr>\n",
       "    <tr>\n",
       "      <th>BE</th>\n",
       "      <td>0.119935</td>\n",
       "      <td>0.601297</td>\n",
       "      <td>0.019449</td>\n",
       "      <td>0.246353</td>\n",
       "      <td>0.012966</td>\n",
       "      <td>NaN</td>\n",
       "    </tr>\n",
       "    <tr>\n",
       "      <th>CA</th>\n",
       "      <td>0.144890</td>\n",
       "      <td>0.558146</td>\n",
       "      <td>0.008946</td>\n",
       "      <td>0.280157</td>\n",
       "      <td>0.007861</td>\n",
       "      <td>NaN</td>\n",
       "    </tr>\n",
       "    <tr>\n",
       "      <th>CH</th>\n",
       "      <td>0.110381</td>\n",
       "      <td>0.611038</td>\n",
       "      <td>0.018397</td>\n",
       "      <td>0.245729</td>\n",
       "      <td>0.014455</td>\n",
       "      <td>NaN</td>\n",
       "    </tr>\n",
       "    <tr>\n",
       "      <th>DE</th>\n",
       "      <td>0.148885</td>\n",
       "      <td>0.599137</td>\n",
       "      <td>0.017981</td>\n",
       "      <td>0.224646</td>\n",
       "      <td>0.009350</td>\n",
       "      <td>NaN</td>\n",
       "    </tr>\n",
       "    <tr>\n",
       "      <th>DK</th>\n",
       "      <td>0.141060</td>\n",
       "      <td>0.508535</td>\n",
       "      <td>0.014376</td>\n",
       "      <td>0.323450</td>\n",
       "      <td>0.012579</td>\n",
       "      <td>NaN</td>\n",
       "    </tr>\n",
       "    <tr>\n",
       "      <th>ES</th>\n",
       "      <td>0.145431</td>\n",
       "      <td>0.606766</td>\n",
       "      <td>0.022847</td>\n",
       "      <td>0.216169</td>\n",
       "      <td>0.008787</td>\n",
       "      <td>NaN</td>\n",
       "    </tr>\n",
       "    <tr>\n",
       "      <th>FR</th>\n",
       "      <td>0.120109</td>\n",
       "      <td>0.548486</td>\n",
       "      <td>0.017693</td>\n",
       "      <td>0.308949</td>\n",
       "      <td>0.004764</td>\n",
       "      <td>NaN</td>\n",
       "    </tr>\n",
       "    <tr>\n",
       "      <th>GB</th>\n",
       "      <td>0.111695</td>\n",
       "      <td>0.516364</td>\n",
       "      <td>0.008286</td>\n",
       "      <td>0.358369</td>\n",
       "      <td>0.005286</td>\n",
       "      <td>NaN</td>\n",
       "    </tr>\n",
       "    <tr>\n",
       "      <th>HK</th>\n",
       "      <td>0.140777</td>\n",
       "      <td>0.422330</td>\n",
       "      <td>0.056634</td>\n",
       "      <td>0.349515</td>\n",
       "      <td>0.030744</td>\n",
       "      <td>NaN</td>\n",
       "    </tr>\n",
       "    <tr>\n",
       "      <th>IE</th>\n",
       "      <td>0.135635</td>\n",
       "      <td>0.586930</td>\n",
       "      <td>0.013564</td>\n",
       "      <td>0.255240</td>\n",
       "      <td>0.008631</td>\n",
       "      <td>NaN</td>\n",
       "    </tr>\n",
       "    <tr>\n",
       "      <th>IT</th>\n",
       "      <td>0.141070</td>\n",
       "      <td>0.670605</td>\n",
       "      <td>0.026407</td>\n",
       "      <td>0.152536</td>\n",
       "      <td>0.009382</td>\n",
       "      <td>NaN</td>\n",
       "    </tr>\n",
       "    <tr>\n",
       "      <th>JP</th>\n",
       "      <td>0.200000</td>\n",
       "      <td>0.400000</td>\n",
       "      <td>0.225000</td>\n",
       "      <td>0.175000</td>\n",
       "      <td>NaN</td>\n",
       "      <td>NaN</td>\n",
       "    </tr>\n",
       "    <tr>\n",
       "      <th>LU</th>\n",
       "      <td>0.064516</td>\n",
       "      <td>0.612903</td>\n",
       "      <td>0.016129</td>\n",
       "      <td>0.306452</td>\n",
       "      <td>NaN</td>\n",
       "      <td>NaN</td>\n",
       "    </tr>\n",
       "    <tr>\n",
       "      <th>MX</th>\n",
       "      <td>0.126142</td>\n",
       "      <td>0.579338</td>\n",
       "      <td>0.061073</td>\n",
       "      <td>0.226027</td>\n",
       "      <td>0.007420</td>\n",
       "      <td>NaN</td>\n",
       "    </tr>\n",
       "    <tr>\n",
       "      <th>N,0\"</th>\n",
       "      <td>0.005794</td>\n",
       "      <td>0.027653</td>\n",
       "      <td>0.000263</td>\n",
       "      <td>0.027653</td>\n",
       "      <td>0.000527</td>\n",
       "      <td>0.938109</td>\n",
       "    </tr>\n",
       "    <tr>\n",
       "      <th>NL</th>\n",
       "      <td>0.138075</td>\n",
       "      <td>0.625523</td>\n",
       "      <td>0.012204</td>\n",
       "      <td>0.215132</td>\n",
       "      <td>0.009066</td>\n",
       "      <td>NaN</td>\n",
       "    </tr>\n",
       "    <tr>\n",
       "      <th>NO</th>\n",
       "      <td>0.158192</td>\n",
       "      <td>0.593220</td>\n",
       "      <td>0.011299</td>\n",
       "      <td>0.228814</td>\n",
       "      <td>0.008475</td>\n",
       "      <td>NaN</td>\n",
       "    </tr>\n",
       "    <tr>\n",
       "      <th>NZ</th>\n",
       "      <td>0.104354</td>\n",
       "      <td>0.570836</td>\n",
       "      <td>0.007602</td>\n",
       "      <td>0.309606</td>\n",
       "      <td>0.007602</td>\n",
       "      <td>NaN</td>\n",
       "    </tr>\n",
       "    <tr>\n",
       "      <th>SE</th>\n",
       "      <td>0.118953</td>\n",
       "      <td>0.569152</td>\n",
       "      <td>0.011383</td>\n",
       "      <td>0.289698</td>\n",
       "      <td>0.010814</td>\n",
       "      <td>NaN</td>\n",
       "    </tr>\n",
       "    <tr>\n",
       "      <th>SG</th>\n",
       "      <td>0.120721</td>\n",
       "      <td>0.497297</td>\n",
       "      <td>0.050450</td>\n",
       "      <td>0.320721</td>\n",
       "      <td>0.010811</td>\n",
       "      <td>NaN</td>\n",
       "    </tr>\n",
       "    <tr>\n",
       "      <th>US</th>\n",
       "      <td>0.096748</td>\n",
       "      <td>0.519641</td>\n",
       "      <td>0.005946</td>\n",
       "      <td>0.373510</td>\n",
       "      <td>0.004155</td>\n",
       "      <td>NaN</td>\n",
       "    </tr>\n",
       "  </tbody>\n",
       "</table>\n",
       "</div>"
      ],
      "text/plain": [
       "            state                                                   \n",
       "state    canceled    failed      live successful suspended undefined\n",
       "country                                                             \n",
       "AT       0.152429  0.633166  0.025126   0.179229  0.010050       NaN\n",
       "AU       0.135859  0.587575  0.008930   0.256410  0.011226       NaN\n",
       "BE       0.119935  0.601297  0.019449   0.246353  0.012966       NaN\n",
       "CA       0.144890  0.558146  0.008946   0.280157  0.007861       NaN\n",
       "CH       0.110381  0.611038  0.018397   0.245729  0.014455       NaN\n",
       "DE       0.148885  0.599137  0.017981   0.224646  0.009350       NaN\n",
       "DK       0.141060  0.508535  0.014376   0.323450  0.012579       NaN\n",
       "ES       0.145431  0.606766  0.022847   0.216169  0.008787       NaN\n",
       "FR       0.120109  0.548486  0.017693   0.308949  0.004764       NaN\n",
       "GB       0.111695  0.516364  0.008286   0.358369  0.005286       NaN\n",
       "HK       0.140777  0.422330  0.056634   0.349515  0.030744       NaN\n",
       "IE       0.135635  0.586930  0.013564   0.255240  0.008631       NaN\n",
       "IT       0.141070  0.670605  0.026407   0.152536  0.009382       NaN\n",
       "JP       0.200000  0.400000  0.225000   0.175000       NaN       NaN\n",
       "LU       0.064516  0.612903  0.016129   0.306452       NaN       NaN\n",
       "MX       0.126142  0.579338  0.061073   0.226027  0.007420       NaN\n",
       "N,0\"     0.005794  0.027653  0.000263   0.027653  0.000527  0.938109\n",
       "NL       0.138075  0.625523  0.012204   0.215132  0.009066       NaN\n",
       "NO       0.158192  0.593220  0.011299   0.228814  0.008475       NaN\n",
       "NZ       0.104354  0.570836  0.007602   0.309606  0.007602       NaN\n",
       "SE       0.118953  0.569152  0.011383   0.289698  0.010814       NaN\n",
       "SG       0.120721  0.497297  0.050450   0.320721  0.010811       NaN\n",
       "US       0.096748  0.519641  0.005946   0.373510  0.004155       NaN"
      ]
     },
     "execution_count": 33,
     "metadata": {},
     "output_type": "execute_result"
    }
   ],
   "source": [
    "rate_eachstate_country = pd.DataFrame(states_of_countries.state / total_states_per_country)\n",
    "rate_eachstate_country = rate_eachstate_country.unstack()\n",
    "rate_eachstate_country"
   ]
  },
  {
   "cell_type": "code",
   "execution_count": 38,
   "metadata": {},
   "outputs": [
    {
     "data": {
      "text/plain": [
       "country\n",
       "US      0.373510\n",
       "GB      0.358369\n",
       "HK      0.349515\n",
       "DK      0.323450\n",
       "SG      0.320721\n",
       "NZ      0.309606\n",
       "FR      0.308949\n",
       "LU      0.306452\n",
       "SE      0.289698\n",
       "CA      0.280157\n",
       "AU      0.256410\n",
       "IE      0.255240\n",
       "BE      0.246353\n",
       "CH      0.245729\n",
       "NO      0.228814\n",
       "MX      0.226027\n",
       "DE      0.224646\n",
       "ES      0.216169\n",
       "NL      0.215132\n",
       "AT      0.179229\n",
       "JP      0.175000\n",
       "IT      0.152536\n",
       "N,0\"    0.027653\n",
       "Name: successful, dtype: float64"
      ]
     },
     "execution_count": 38,
     "metadata": {},
     "output_type": "execute_result"
    }
   ],
   "source": [
    "rate_eachstate_country.state.successful.sort_values(ascending=False)\n",
    "### We find that the US has the best success with Kickstarter with about 37% campaigns succeeding.\n",
    "### Closely following is the United Kingdom with 35.8% and Hong Kong with 34.95%."
   ]
  },
  {
   "cell_type": "code",
   "execution_count": null,
   "metadata": {},
   "outputs": [],
   "source": []
  },
  {
   "cell_type": "markdown",
   "metadata": {},
   "source": [
    "## Mean Pledge Amount per Country\n",
    "##### use usd_pledged_real"
   ]
  },
  {
   "cell_type": "code",
   "execution_count": 49,
   "metadata": {},
   "outputs": [
    {
     "data": {
      "text/plain": [
       "country\n",
       "CH      17155.217096\n",
       "HK      16228.940032\n",
       "AT      16190.600603\n",
       "FR      11690.203409\n",
       "SG      10536.136523\n",
       "NL      10197.038870\n",
       "US       9670.193050\n",
       "DE       9536.387924\n",
       "SE       7635.630569\n",
       "LU       7559.284839\n",
       "GB       7026.233822\n",
       "DK       6813.352713\n",
       "BE       6777.240827\n",
       "CA       6220.748131\n",
       "AU       5962.128806\n",
       "IT       5693.546668\n",
       "ES       5688.775738\n",
       "NZ       5405.330124\n",
       "IE       5163.085709\n",
       "NO       3769.410565\n",
       "N,0\"     2949.850598\n",
       "JP       2897.210250\n",
       "MX       1387.002568\n",
       "Name: usd_pledged_real, dtype: float64"
      ]
     },
     "execution_count": 49,
     "metadata": {},
     "output_type": "execute_result"
    }
   ],
   "source": [
    "ks.groupby([\"country\"]).usd_pledged_real.mean().sort_values(ascending=False)\n",
    "# Interestingly, Switzerland (CH) has the highest average real pledge amount \n",
    "# Mexico has the lowest average real pledge amount"
   ]
  },
  {
   "cell_type": "code",
   "execution_count": null,
   "metadata": {},
   "outputs": [],
   "source": []
  },
  {
   "cell_type": "markdown",
   "metadata": {},
   "source": [
    "## Correlation between goal and success/failure\n",
    "##### use usd_goal_real"
   ]
  },
  {
   "cell_type": "code",
   "execution_count": 123,
   "metadata": {},
   "outputs": [
    {
     "data": {
      "text/html": [
       "<div>\n",
       "<style scoped>\n",
       "    .dataframe tbody tr th:only-of-type {\n",
       "        vertical-align: middle;\n",
       "    }\n",
       "\n",
       "    .dataframe tbody tr th {\n",
       "        vertical-align: top;\n",
       "    }\n",
